2014-07-05T17:57:41-03:00 DEBUG (7): kkk
2014-07-05T17:59:44-03:00 DEBUG (7): Test log priority debug
2014-07-05T17:59:44-03:00 ERR (3): Test log priority err
2014-07-05T18:11:14-03:00 DEBUG (7): Test log priority debug
2014-07-05T18:11:14-03:00 ERR (3): Test log priority err
2014-07-05T18:21:41-03:00 DEBUG (7): Test log priority debug
2014-07-05T18:21:41-03:00 ERR (3): Test log priority err
2014-07-05T18:22:01-03:00 DEBUG (7): Test log priority debug
2014-07-05T18:22:01-03:00 ERR (3): Test log priority err
2014-07-05T18:24:27-03:00 DEBUG (7): Test log priority debug
2014-07-05T18:24:27-03:00 ERR (3): Test log priority err
2014-07-05T18:26:49-03:00 DEBUG (7): DbTable_Ta::insert - 0.0062110424041748
2014-07-05T18:26:49-03:00 DEBUG (7): DbTable_Ta::insert - 0.0022339820861816
2014-07-05T18:26:49-03:00 DEBUG (7): DbTable_Ta::insert - 0.002032995223999
2014-07-05T18:26:49-03:00 DEBUG (7): DbTable_Ta::insert - 0.00453782081604
2014-07-05T18:26:49-03:00 DEBUG (7): DbTable_Ta::insert - 0.0034141540527344
2014-07-05T18:26:49-03:00 DEBUG (7): DbTable_Ta::insert - 0.0036129951477051
2014-07-05T18:26:49-03:00 DEBUG (7): Test log priority debug
2014-07-05T18:26:49-03:00 ERR (3): Test log priority err
2014-07-05T18:28:05-03:00 DEBUG (7): DbTable_Ta::insert - 0.0040009021759033
2014-07-05T18:28:05-03:00 DEBUG (7): DbTable_Ta::insert - 0.0029971599578857
2014-07-05T18:28:05-03:00 DEBUG (7): DbTable_Ta::insert - 0.0029609203338623
2014-07-05T18:28:05-03:00 DEBUG (7): DbTable_Ta::insert - 0.0040521621704102
2014-07-05T18:28:05-03:00 DEBUG (7): DbTable_Ta::insert - 0.0030219554901123
2014-07-05T18:28:05-03:00 DEBUG (7): DbTable_Ta::insert - 0.0029199123382568
2014-07-05T18:28:05-03:00 DEBUG (7): Test log priority debug
2014-07-05T18:28:05-03:00 ERR (3): Test log priority err
2014-07-05T19:12:08-03:00 DEBUG (7): DbTable_Ta::insert - 0.0041940212249756
2014-07-05T19:12:08-03:00 DEBUG (7): DbTable_Ta::insert - 0.0030620098114014
2014-07-05T19:12:08-03:00 DEBUG (7): DbTable_Ta::insert - 0.0033199787139893
2014-07-05T19:12:08-03:00 DEBUG (7): DbTable_Ta::insert - 0.002208948135376
2014-07-05T19:12:08-03:00 DEBUG (7): DbTable_Ta::insert - 0.0012140274047852
2014-07-05T19:12:08-03:00 DEBUG (7): DbTable_Ta::insert - 0.0012109279632568
2014-07-05T19:12:08-03:00 DEBUG (7): DbTable_Ta::insert - 0.0029759407043457
2014-07-05T19:12:08-03:00 DEBUG (7): DbTable_Ta::insert - 0.0020589828491211
2014-07-05T19:12:08-03:00 DEBUG (7): DbTable_Ta::insert - 0.001845121383667
2014-07-05T19:13:30-03:00 DEBUG (7): DbTable_Ta::insert - 0.0023200511932373
2014-07-05T19:13:30-03:00 DEBUG (7): DbTable_Ta::insert - 0.0020079612731934
2014-07-05T19:13:30-03:00 DEBUG (7): DbTable_Ta::insert - 0.0016880035400391
2014-07-05T19:13:30-03:00 DEBUG (7): DbTable_Ta::insert - 0.0044600963592529
2014-07-05T19:13:30-03:00 DEBUG (7): DbTable_Ta::insert - 0.0030908584594727
2014-07-05T19:13:30-03:00 DEBUG (7): DbTable_Ta::insert - 0.0029869079589844
2014-07-05T19:13:30-03:00 DEBUG (7): DbTable_Ta::insert - 0.0039949417114258
2014-07-05T19:13:30-03:00 DEBUG (7): DbTable_Ta::insert - 0.0030090808868408
2014-07-05T19:13:30-03:00 DEBUG (7): DbTable_Ta::insert - 0.002957820892334
2014-07-05T19:13:30-03:00 DEBUG (7): DbTable_Ta::insert - 0.0042259693145752
2014-07-05T19:13:30-03:00 DEBUG (7): DbTable_Ta::insert - 0.0039210319519043
2014-07-05T19:13:30-03:00 DEBUG (7): DbTable_Ta::insert - 0.0047829151153564
2014-07-05T19:13:30-03:00 DEBUG (7): Test log priority debug
2014-07-05T19:13:30-03:00 ERR (3): Test log priority err
2014-07-06T12:31:30-03:00 DEBUG (7): DbTable_Ta::insert - 0.0068378448486328
2014-07-06T12:31:30-03:00 DEBUG (7): DbTable_Ta::insert - 0.003154993057251
2014-07-06T12:31:30-03:00 DEBUG (7): DbTable_Ta::insert - 0.0033080577850342
2014-07-06T12:31:30-03:00 DEBUG (7): DbTable_Ta::insert - 0.0024280548095703
2014-07-06T12:31:30-03:00 DEBUG (7): DbTable_Ta::insert - 0.001209020614624
2014-07-06T12:31:30-03:00 DEBUG (7): DbTable_Ta::insert - 0.0012509822845459
2014-07-06T12:31:30-03:00 DEBUG (7): DbTable_Ta::insert - 0.0020661354064941
2014-07-06T12:31:30-03:00 DEBUG (7): DbTable_Ta::insert - 0.0012450218200684
2014-07-06T12:31:30-03:00 DEBUG (7): DbTable_Ta::insert - 0.0017740726470947
2014-07-06T12:31:30-03:00 DEBUG (7): DbTable_Ta::insert - 0.0043070316314697
2014-07-06T12:31:30-03:00 DEBUG (7): DbTable_Ta::insert - 0.0033788681030273
2014-07-06T12:31:30-03:00 DEBUG (7): DbTable_Ta::insert - 0.0032811164855957
2014-07-06T12:31:30-03:00 DEBUG (7): Test log priority debug
2014-07-06T12:31:30-03:00 ERR (3): Test log priority err
2014-07-06T12:34:50-03:00 DEBUG (7): DbTable_Ta::insert - 0.0042121410369873
2014-07-06T12:34:50-03:00 DEBUG (7): DbTable_Ta::insert - 0.0029361248016357
2014-07-06T12:34:50-03:00 DEBUG (7): DbTable_Ta::insert - 0.0033290386199951
2014-07-06T12:34:50-03:00 DEBUG (7): DbTable_Ta::insert - 0.004241943359375
2014-07-06T12:34:50-03:00 DEBUG (7): DbTable_Ta::insert - 0.0033149719238281
2014-07-06T12:34:50-03:00 DEBUG (7): DbTable_Ta::insert - 0.0033230781555176
2014-07-06T12:34:50-03:00 DEBUG (7): DbTable_Ta::insert - 0.0034189224243164
2014-07-06T12:34:50-03:00 DEBUG (7): DbTable_Ta::insert - 0.0019140243530273
2014-07-06T12:34:50-03:00 DEBUG (7): DbTable_Ta::insert - 0.0023701190948486
2014-07-06T12:34:50-03:00 DEBUG (7): DbTable_Ta::insert - 0.0037930011749268
2014-07-06T12:34:50-03:00 DEBUG (7): DbTable_Ta::insert - 0.002957820892334
2014-07-06T12:34:50-03:00 DEBUG (7): DbTable_Ta::insert - 0.0027501583099365
2014-07-06T12:34:50-03:00 DEBUG (7): Test log priority debug
2014-07-06T12:34:50-03:00 ERR (3): Test log priority err
